669	13.6
668.7	13.8
668.3	14
668	14.2
668	14.4
667.7	14.6
667.1	14.8
667.1	15
666.6	15.2
666.1	15.4
665.5	15.6
665.5	15.8
664.9	16
664.3	16.2
663.6	16.4
663.6	16.6
663.1	16.8
662.4	17
661.8	17.2
661.8	17.4
660.9	17.6
660.2	17.8
660.2	18
659.5	18.2
658.9	18.4
658.2	18.6
658.2	18.8
657.6	19
656.9	19.2
656.3	19.4
656.3	19.6
655.6	19.8
654.8	20
654.8	20.2
654.2	20.4
653.5	20.6
652.8	20.8
652.8	21
652.2	21.2
651.4	21.4
650.8	21.6
650.8	21.8
650.2	22
649.5	22.2
648.9	22.4
648.9	22.6
648.2	22.8
647.6	23
646.8	23.2
646.8	23.4
646.3	23.6
645.5	23.8
645.5	24
645	24.2
644.2	24.4
643.6	24.6
643.6	24.8
642.9	25
642.3	25.2
641.7	25.4
641.7	25.6
641.1	25.8
640.4	26
639.9	26.2
639.9	26.4
639.2	26.6
638.6	26.8
638	27
638	27.2
637.3	27.4
636.6	27.6
636.6	27.8
636.1	28
635.4	28.2
634.9	28.4
634.9	28.6
634.2	28.8
633.5	29
632.9	29.2
632.9	29.4
632.3	29.6
631.6	29.8
631	30
631	30.2
630.4	30.4
629.7	30.6
629.1	30.8
629.1	31
628.6	31.2
627.9	31.4
627.9	31.6
627.4	31.8
627	32
626.7	32.2
626.7	32.4
626.5	32.6
626.4	32.8
626.4	33
626.4	33.2
626.3	33.4
626.3	33.6
626.4	33.8
626.4	34
626.4	34.2
626.3	34.4
626.3	34.6
626.3	34.8
626.2	35
626.3	35.2
626.3	35.4
626.2	35.6
626.1	35.8
626.1	36
626.1	36.2
626.1	36.4
626	36.6
626	36.8
626	37
625.9	37.2
625.9	37.4
625.9	37.6
625.8	37.8
625.8	38
625.6	38.2
625.6	38.4
625.7	38.6
625.6	38.8
625.6	39
625.6	39.2
625.4	39.4
625.4	39.6
625.3	39.8
625.3	40
625.2	40.2
625.2	40.4
625.2	40.6
625	40.8
624.9	41
624.9	41.2
624.9	41.4
624.8	41.6
624.8	41.8
624.7	42
624.7	42.2
624.7	42.4
624.6	42.6
624.5	42.8
624.5	43
624.4	43.2
624.4	43.4
624.2	43.6
624.2	43.8
624.3	44
624.1	44.2
624.1	44.4
624	44.6
624.1	44.8
624	45
624	45.2
623.8	45.4
623.8	45.6
623.7	45.8
623.7	46
623.6	46.2
623.6	46.4
623.5	46.6
623.5	46.8
623.4	47
623.3	47.2
623.2	47.4
623.2	47.6
623.2	47.8
623.1	48
623.1	48.2
622.9	48.4
622.9	48.6
622.7	48.8
622.7	49
622.6	49.2
622.6	49.4
622.5	49.6
622.5	49.8
622.4	50
622.4	50.2
622.3	50.4
622.3	50.6
622.1	50.8
622.1	51
622	51.2
622	51.4
621.9	51.6
621.8	51.8
621.8	52
621.6	52.2
621.5	52.4
621.5	52.6
621.5	52.8
621.4	53
621.3	53.2
621.2	53.4
621.2	53.6
621	53.8
621	54
620.8	54.2
620.8	54.4
620.8	54.6
620.7	54.8
620.6	55
620.6	55.2
620.5	55.4
620.5	55.6
620.3	55.8
620.3	56
620.2	56.2
620.1	56.4
620.1	56.6
620.1	56.8
619.9	57
619.9	57.2
619.7	57.4
619.7	57.6
619.6	57.8
619.6	58
619.6	58.2
619.4	58.4
619.3	58.6
619.3	58.8
619.3	59
619.1	59.2
619	59.4
618.9	59.6
618.9	59.8
618.8	60
618.7	60.2
618.7	60.4
618.7	60.6
618.5	60.8
618.4	61
618.3	61.2
618.3	61.4
618.2	61.6
618.2	61.8
618.2	62
618	62.2
617.9	62.4
617.7	62.6
617.7	62.8
617.7	63
617.6	63.2
617.5	63.4
617.5	63.6
617.3	63.8
617.3	64
617.1	64.2
617.1	64.4
617.1	64.6
616.9	64.8
616.8	65
616.8	65.2
616.7	65.4
616.6	65.6
616.6	65.8
616.6	66
616.4	66.2
616.3	66.4
616.3	66.6
616.2	66.8
616.1	67
615.9	67.2
615.9	67.4
615.9	67.6
615.7	67.8
615.5	68
615.5	68.2
615.5	68.4
615.4	68.6
615.2	68.8
615.2	69
615.2	69.2
615.1	69.4
615.1	69.6
615	69.8
614.8	70
614.7	70.2
614.7	70.4
614.6	70.6
614.4	70.8
614.3	71
614.3	71.2
614.1	71.4
614	71.6
614	71.8
614	72
613.8	72.2
613.7	72.4
613.5	72.6
613.5	72.8
613.4	73
613.2	73.2
613.2	73.4
613.2	73.6
613	73.8
612.9	74
612.9	74.2
612.7	74.4
612.7	74.6
612.5	74.8
612.5	75
612.4	75.2
612.2	75.4
612.2	75.6
612.2	75.8
612	76
611.9	76.2
611.7	76.4
611.7	76.6
611.5	76.8
611.5	77
611.5	77.2
611.4	77.4
611.2	77.6
611.1	77.8
611.1	78
610.9	78.2
610.8	78.4
610.6	78.6
610.6	78.8
610.5	79
610.4	79.2
610.2	79.4
610.2	79.6
610.1	79.8
609.9	80
609.8	80.2
609.8	80.4
609.6	80.6
609.4	80.8
609.4	81
609.5	81.2
609.2	81.4
609.1	81.6
609.1	81.8
609	82
608.8	82.2
608.7	82.4
608.7	82.6
608.5	82.8
608.4	83
608.3	83.2
608.3	83.4
608.1	83.6
607.8	83.8
607.7	84
607.7	84.2
607.6	84.4
607.4	84.6
607.4	84.8
607.3	85
607.1	85.2
607.1	85.4
607.1	85.6
606.8	85.8
606.7	86
606.6	86.2
606.6	86.4
606.5	86.6
606.2	86.8
606	87
606	87.2
605.9	87.4
605.9	87.6
605.7	87.8
605.7	88
605.5	88.2
605.4	88.4
605.4	88.6
605.1	88.8
605.1	89
604.9	89.2
604.9	89.4
604.8	89.6
604.5	89.8
604.4	90
604.4	90.2
604.3	90.4
604	90.6
604	90.8
604	91
603.8	91.2
603.7	91.4
603.5	91.6
603.5	91.8
603.4	92
603.2	92.2
603.2	92.4
603.1	92.6
602.9	92.8
602.7	93
602.7	93.2
602.5	93.4
602.4	93.6
602.2	93.8
602.2	94
602.1	94.2
601.8	94.4
601.7	94.6
601.7	94.8
601.5	95
601.4	95.2
601.2	95.4
601.2	95.6
601	95.8
600.9	96
600.9	96.2
600.8	96.4
600.5	96.6
600.4	96.8
600.4	97
600.2	97.2
600	97.4
599.8	97.6
599.8	97.8
599.7	98
599.6	98.2
599.4	98.4
599.4	98.6
599.1	98.8
599.1	99
598.9	99.2
598.9	99.4
598.7	99.6
598.5	99.8
598.5	100
598.3	100.2
598.2	100.4
598	100.6
598	100.8
597.9	101
597.7	101.2
597.6	101.4
597.6	101.6
597.4	101.8
597.2	102
597	102.2
597	102.4
596.8	102.6
596.6	102.8
596.5	103
596.5	103.2
596.4	103.4
596.1	103.6
596.1	103.8
596	104
595.8	104.2
595.6	104.4
595.6	104.6
595.4	104.8
595.3	105
595.1	105.2
595.1	105.4
594.9	105.6
594.8	105.8
594.6	106
594.6	106.2
594.5	106.4
594.3	106.6
594.1	106.8
594.1	107
594	107.2
593.8	107.4
593.8	107.6
593.7	107.8
593.5	108
593.3	108.2
593.3	108.4
593.1	108.6
592.9	108.8
592.8	109
592.8	109.2
592.6	109.4
592.4	109.6
592.3	109.8
592.3	110
592.1	110.2
592	110.4
591.9	110.6
591.9	110.8
591.8	111
591.6	111.2
591.6	111.4
591.3	111.6
591.2	111.8
591	112
591	112.2
590.9	112.4
590.7	112.6
590.5	112.8
590.5	113
590.4	113.2
590.1	113.4
590.1	113.6
590.1	113.8
589.7	114
589.6	114.2
589.5	114.4
589.5	114.6
589.3	114.8
589.1	115
589.1	115.2
588.9	115.4
588.8	115.6
588.6	115.8
588.6	116
588.4	116.2
588.2	116.4
588	116.6
588	116.8
587.9	117
587.6	117.2
587.5	117.4
587.5	117.6
587.3	117.8
587.1	118
586.9	118.2
586.9	118.4
586.7	118.6
586.5	118.8
586.5	119
586.2	119.2
586	119.4
585.9	119.6
585.9	119.8
585.7	120
585.5	120.2
585.3	120.4
585.3	120.6
585.2	120.8
584.9	121
584.8	121.2
584.8	121.4
584.5	121.6
584.3	121.8
584.1	122
584.1	122.2
583.9	122.4
583.7	122.6
583.7	122.8
583.5	123
583.3	123.2
583	123.4
583	123.6
582.8	123.8
582.6	124
582.6	124.2
582.4	124.4
582.1	124.6
581.9	124.8
581.9	125
581.7	125.2
581.4	125.4
581.2	125.6
581.2	125.8
581.1	126
580.9	126.2
580.6	126.4
580.6	126.6
580.4	126.8
580.3	127
580	127.2
580	127.4
579.8	127.6
579.5	127.8
579.5	128
579.3	128.2
579.1	128.4
578.8	128.6
578.8	128.8
578.6	129
578.4	129.2
578.3	129.4
578.3	129.6
578.1	129.8
577.8	130
577.6	130.2
577.6	130.4
577.2	130.6
577.1	130.8
576.9	131
576.9	131.2
576.7	131.4
576.3	131.6
576.3	131.8
576.3	132
575.9	132.2
575.9	132.4
575.9	132.6
575.6	132.8
575.3	133
575.1	133.2
575.1	133.4
575	133.6
574.7	133.8
574.6	134
574.6	134.2
574.2	134.4
574	134.6
573.8	134.8
573.8	135
573.6	135.2
573.4	135.4
573.4	135.6
573.1	135.8
572.9	136
572.7	136.2
572.7	136.4
572.4	136.6
572.2	136.8
572	137
571.8	137.2
571.8	137.4
571.5	137.6
571.4	137.8
571.4	138
571.3	138.2
571	138.4
570.7	138.6
570.7	138.8
570.6	139
570.4	139.2
570.2	139.4
570.2	139.6
570.1	139.8
569.8	140
569.7	140.2
569.7	140.4
569.4	140.6
569.3	140.8
569	141
569	141.2
568.7	141.4
568.6	141.6
568.6	141.8
568.4	142
568.2	142.2
568.1	142.4
568.1	142.6
567.9	142.8
567.6	143
567.5	143.2
567.5	143.4
567.3	143.6
567.1	143.8
567	144
567	144.2
566.7	144.4
566.6	144.6
566.4	144.8
566.4	145
566.2	145.2
566.1	145.4
566.1	145.6
565.9	145.8
565.8	146
565.7	146.2
565.7	146.4
565.7	146.6
565.5	146.8
565.3	147
565.3	147.2
565.3	147.4
565.2	147.6
565.2	147.8
565.2	148
565.2	148.2
565.1	148.4
565.1	148.6
565.1	148.8
565.1	149
565.2	149.2
565.2	149.4
565.4	149.6
565.3	149.8
565.4	150
565.4	150.2
565.5	150.4
565.5	150.6
565.8	150.8
565.8	151
565.8	151.2
566	151.4
566.1	151.6
566.1	151.8
566.4	152
566.4	152.2
566.7	152.4
566.7	152.6
566.7	152.8
566.8	153
566.8	153.2
567	153.4
567.2	153.6
567.4	153.8
567.4	154
567.5	154.2
567.7	154.4
567.8	154.6
567.8	154.8
568	155
568.1	155.2
568.3	155.4
568.3	155.6
568.4	155.8
568.5	156
568.6	156.2
568.6	156.4
568.6	156.6
568.9	156.8
568.9	157
568.9	157.2
569	157.4
569.1	157.6
569.1	157.8
569.2	158
569.3	158.2
569.5	158.4
569.6	158.6
569.6	158.8
569.6	159
569.6	159.2
569.6	159.4
569.7	159.6
569.6	159.8
569.8	160
569.8	160.2
569.9	160.4
569.9	160.6
570	160.8
570	161
570.1	161.2
570.1	161.4
570.1	161.6
570.1	161.8
570.2	162
570.1	162.2
570.3	162.4
570.3	162.6
570.4	162.8
570.3	163
570.3	163.2
570.3	163.4
570.4	163.6
570.4	163.8
570.4	164
570.6	164.2
570.5	164.4
570.5	164.6
570.5	164.8
570.5	165
570.5	165.2
570.6	165.4
570.6	165.6
570.6	165.8
570.6	166
570.7	166.2
570.7	166.4
570.7	166.6
570.7	166.8
570.7	167
570.6	167.2
570.7	167.4
570.6	167.6
570.6	167.8
570.7	168
570.7	168.2
570.6	168.4
570.6	168.6
570.7	168.8
570.7	169
570.7	169.2
570.7	169.4
570.7	169.6
570.6	169.8
570.6	170
570.6	170.2
570.7	170.4
570.5	170.6
570.5	170.8
570.6	171
570.6	171.2
570.6	171.4
570.6	171.6
570.5	171.8
570.6	172
570.6	172.2
570.6	172.4
570.6	172.6
570.6	172.8
570.6	173
570.6	173.2
570.5	173.4
570.5	173.6
570.5	173.8
570.6	174
570.4	174.2
570.4	174.4
570.4	174.6
570.5	174.8
570.4	175
570.5	175.2
570.5	175.4
570.3	175.6
570.4	175.8
570.4	176
570.4	176.2
570.4	176.4
570.2	176.6
570.2	176.8
570.2	177
570.4	177.2
570.3	177.4
570.3	177.6
570.2	177.8
570.1	178
570.2	178.2
570.2	178.4
570.1	178.6
570.2	178.8
570	179
570	179.2
570.1	179.4
570	179.6
570	179.8
570	180
569.9	180.2
569.9	180.4
569.9	180.6
569.9	180.8
569.8	181
569.8	181.2
569.8	181.4
569.9	181.6
569.7	181.8
569.7	182
569.7	182.2
569.7	182.4
569.6	182.6
569.6	182.8
569.6	183
569.5	183.2
569.5	183.4
569.4	183.6
569.4	183.8
569.5	184
569.4	184.2
569.3	184.4
569.3	184.6
569.3	184.8
569.2	185
569.3	185.2
569.3	185.4
569.2	185.6
569.2	185.8
569.2	186
569.1	186.2
569.1	186.4
569.1	186.6
569.1	186.8
568.9	187
569	187.2
569	187.4
569	187.6
568.8	187.8
568.9	188
568.6	188.2
568.6	188.4
568.6	188.6
568.6	188.8
568.6	189
568.6	189.2
568.6	189.4
568.6	189.6
568.6	189.8
568.5	190
568.4	190.2
568.4	190.4
568.4	190.6
568.4	190.8
568.3	191
568.2	191.2
568.2	191.4
568.1	191.6
568.1	191.8
568.1	192
568.1	192.2
567.9	192.4
567.9	192.6
567.9	192.8
567.9	193
567.9	193.2
567.8	193.4
567.8	193.6
567.7	193.8
567.7	194
567.6	194.2
567.6	194.4
567.5	194.6
567.6	194.8
567.4	195
567.4	195.2
567.3	195.4
567.2	195.6
567.1	195.8
567.1	196
567.1	196.2
567.1	196.4
567.1	196.6
567.1	196.8
566.9	197
566.8	197.2
566.8	197.4
566.9	197.6
566.7	197.8
566.6	198
566.6	198.2
566.5	198.4
566.4	198.6
566.4	198.8
566.4	199
566.4	199.2
566.3	199.4
566.2	199.6
566.2	199.8
566.1	200
566	200.2
566	200.4
566	200.6
565.9	200.8
565.7	201
565.7	201.2
565.7	201.4
565.6	201.6
565.5	201.8
565.5	202
565.4	202.2
565.4	202.4
565.2	202.6
565.2	202.8
565.2	203
565	203.2
564.8	203.4
564.8	203.6
564.8	203.8
564.7	204
564.7	204.2
564.7	204.4
564.5	204.6
564.5	204.8
564.5	205
564.4	205.2
564.3	205.4
564.2	205.6
564.2	205.8
564.1	206
564.1	206.2
564	206.4
564	206.6
564	206.8
563.8	207
563.8	207.2
563.8	207.4
563.7	207.6
563.6	207.8
563.6	208
563.6	208.2
563.4	208.4
563.3	208.6
563.4	208.8
563.4	209
563.3	209.2
563.2	209.4
563.2	209.6
563.2	209.8
563.2	210
563.1	210.2
563.1	210.4
563.1	210.6
563	210.8
562.9	211
562.9	211.2
562.9	211.4
562.7	211.6
562.7	211.8
562.7	212
562.7	212.2
562.6	212.4
562.5	212.6
562.5	212.8
562.5	213
562.3	213.2
562.2	213.4
562.2	213.6
562.2	213.8
562.1	214
562	214.2
562	214.4
562	214.6
561.8	214.8
561.6	215
561.6	215.2
561.5	215.4
561.6	215.6
561.5	215.8
561.5	216
561.3	216.2
561.2	216.4
561.2	216.6
561.2	216.8
561.1	217
561	217.2
561	217.4
561.1	217.6
560.7	217.8
560.7	218
560.7	218.2
560.5	218.4
560.4	218.6
560.4	218.8
560.4	219
560.2	219.2
559.9	219.4
559.9	219.6
559.9	219.8
559.8	220
559.9	220.2
559.7	220.4
559.7	220.6
559.6	220.8
559.5	221
559.5	221.2
559.5	221.4
559.4	221.6
559.4	221.8
559.4	222
559.3	222.2
559.4	222.4
559.2	222.6
559.2	222.8
559	223
559.2	223.2
559.1	223.4
559.1	223.6
559.1	223.8
559	224
559	224.2
559	224.4
558.8	224.6
558.9	224.8
558.9	225
558.8	225.2
558.9	225.4
558.7	225.6
558.7	225.8
558.7	226
558.7	226.2
558.6	226.4
558.6	226.6
558.5	226.8
558.3	227
558.4	227.2
558.4	227.4
558.3	227.6
558.3	227.8
558.3	228
558.2	228.2
558	228.4
557.8	228.6
557.8	228.8
557.8	229
557.7	229.2
557.6	229.4
557.6	229.6
557.3	229.8
557.2	230
557.1	230.2
557.1	230.4
556.8	230.6
556.7	230.8
556.4	231
556.4	231.2
556.2	231.4
556	231.6
556	231.8
555.7	232
555.2	232.2
555.1	232.4
555.1	232.6
554.6	232.8
554.2	233
553.9	233.2
553.9	233.4
553.5	233.6
553	233.8
552.4	234
552.4	234.2
552.2	234.4
551.8	234.6
551.2	234.8
551.2	235
550.9	235.2
550.5	235.4
550.5	235.6
550.2	235.8
549.8	236
549.3	236.2
549.3	236.4
548.9	236.6
548.5	236.8
548.5	237
548	237.2
547.7	237.4
547.2	237.6
547.2	237.8
546.8	238
546.4	238.2
546.1	238.4
546.1	238.6
545.7	238.8
545.2	239
544.8	239.2
544.8	239.4
544.3	239.6
544.1	239.8
543.7	240
543.7	240.2
543.3	240.4
542.9	240.6
542.9	240.8
542.4	241
542	241.2
541.6	241.4
541.6	241.6
541.1	241.8
540.6	242
540.2	242.2
540.2	242.4
539.9	242.6
539.4	242.8
539	243
539	243.2
538.5	243.4
538.1	243.6
537.7	243.8
537.7	244
537.2	244.2
536.7	244.4
536.7	244.6
536.4	244.8
536	245
535.7	245.2
535.7	245.4
535.2	245.6
534.8	245.8
534.4	246
534.4	246.2
534.1	246.4
533.5	246.6
533.2	246.8
533.2	247
532.7	247.2
532.2	247.4
531.9	247.6
531.9	247.8
531.5	248
531.1	248.2
531.1	248.4
530.6	248.6
530.1	248.8
529.9	249
529.9	249.2
