669.8	8.8
669.6	9
669.3	9.2
669	9.4
669	9.6
667.7	9.8
667.3	10
666.8	10.2
666.8	10.4
666.1	10.6
665.6	10.8
665.6	11
665	11.2
664.5	11.4
663.8	11.6
663.8	11.8
663.1	12
662.6	12.2
662	12.4
662	12.6
661.5	12.8
660.9	13
660.3	13.2
660.3	13.4
659.6	13.6
659	13.8
658.5	14
658.5	14.2
657.8	14.4
657.3	14.6
657.3	14.8
656.7	15
656.1	15.2
655.5	15.4
655.5	15.6
654.8	15.8
654.2	16
653.6	16.2
653.6	16.4
653.1	16.6
652.5	16.8
652	17
652	17.2
651.4	17.4
650.8	17.6
650.3	17.8
650.3	18
649.7	18.2
649.1	18.4
649.1	18.6
648.6	18.8
648	19
647.5	19.2
647.5	19.4
647	19.6
646.3	19.8
645.8	20
645.8	20.2
645.2	20.4
644.6	20.6
644	20.8
644	21
643.5	21.2
642.9	21.4
642.4	21.6
642.4	21.8
641.9	22
641.4	22.2
641.4	22.4
640.8	22.6
640.3	22.8
639.8	23
639.8	23.2
639.3	23.4
638.8	23.6
638.2	23.8
638.2	24
637.7	24.2
637.2	24.4
636.6	24.6
636.6	24.8
636	25
635.5	25.2
635	25.4
635	25.6
634.4	25.8
634	26
634	26.2
633.4	26.4
632.9	26.6
632.4	26.8
632.4	27
631.8	27.2
631.3	27.4
630.8	27.6
630.8	27.8
630.2	28
629.8	28.2
629.3	28.4
629.3	28.6
628.7	28.8
628.2	29
627.6	29.2
627.6	29.4
627.1	29.6
626.6	29.8
626.6	30
626.2	30.2
625.8	30.4
625.6	30.6
625.6	30.8
625.4	31
625.2	31.2
625.2	31.4
625.2	31.6
625.1	31.8
625.2	32
625.3	32.2
625.3	32.4
625.4	32.6
625.5	32.8
625.6	33
625.6	33.2
625.7	33.4
625.7	33.6
625.7	33.8
625.7	34
625.7	34.2
625.8	34.4
625.8	34.6
625.8	34.8
625.9	35
625.8	35.2
625.8	35.4
625.9	35.6
625.9	35.8
625.8	36
625.8	36.2
625.9	36.4
625.8	36.6
625.8	36.8
625.8	37
625.8	37.2
625.7	37.4
625.7	37.6
625.7	37.8
625.6	38
625.6	38.2
625.6	38.4
625.5	38.6
625.5	38.8
625.5	39
625.5	39.2
625.4	39.4
625.4	39.6
625.2	39.8
625.2	40
625.2	40.2
625.3	40.4
625.2	40.6
625.2	40.8
625.1	41
625.1	41.2
625.1	41.4
625	41.6
624.9	41.8
624.9	42
624.9	42.2
624.9	42.4
624.8	42.6
624.7	42.8
624.7	43
624.7	43.2
624.6	43.4
624.6	43.6
624.6	43.8
624.5	44
624.4	44.2
624.3	44.4
624.3	44.6
624.3	44.8
624.2	45
624.2	45.2
624.1	45.4
624.1	45.6
624	45.8
624	46
624	46.2
623.9	46.4
623.8	46.6
623.8	46.8
623.8	47
623.6	47.2
623.6	47.4
623.6	47.6
623.4	47.8
623.5	48
623.4	48.2
623.4	48.4
623.4	48.6
623.3	48.8
623.3	49
623.3	49.2
623.1	49.4
623	49.6
623	49.8
623	50
622.9	50.2
622.8	50.4
622.8	50.6
622.7	50.8
622.7	51
622.6	51.2
622.6	51.4
622.5	51.6
622.4	51.8
622.4	52
622.4	52.2
622.2	52.4
622.2	52.6
622.2	52.8
622.1	53
622.1	53.2
621.9	53.4
621.9	53.6
621.9	53.8
621.8	54
621.8	54.2
621.8	54.4
621.7	54.6
621.6	54.8
621.6	55
621.5	55.2
621.4	55.4
621.4	55.6
621.4	55.8
621.2	56
621.2	56.2
621.1	56.4
621.1	56.6
621	56.8
620.9	57
620.9	57.2
620.9	57.4
620.8	57.6
620.7	57.8
620.7	58
620.5	58.2
620.6	58.4
620.4	58.6
620.4	58.8
620.3	59
620.2	59.2
620.1	59.4
620.1	59.6
620	59.8
619.9	60
619.9	60.2
619.9	60.4
619.9	60.6
619.7	60.8
619.7	61
619.6	61.2
619.5	61.4
619.4	61.6
619.4	61.8
619.4	62
619.3	62.2
619.2	62.4
619.2	62.6
619.1	62.8
619	63
618.9	63.2
618.9	63.4
618.8	63.6
618.7	63.8
618.6	64
618.6	64.2
618.6	64.4
618.5	64.6
618.5	64.8
618.4	65
618.3	65.2
618.2	65.4
618.2	65.6
618	65.8
618	66
617.9	66.2
617.9	66.4
617.8	66.6
617.7	66.8
617.7	67
617.6	67.2
617.5	67.4
617.3	67.6
617.3	67.8
617.3	68
617.2	68.2
617.1	68.4
617.1	68.6
617	68.8
617	69
616.7	69.2
616.7	69.4
616.7	69.6
616.6	69.8
616.6	70
616.4	70.2
616.4	70.4
616.3	70.6
616.3	70.8
616.2	71
616.1	71.2
616	71.4
616	71.6
615.8	71.8
615.8	72
615.7	72.2
615.7	72.4
615.5	72.6
615.5	72.8
615.4	73
615.4	73.2
615.3	73.4
615.2	73.6
615.2	73.8
615.1	74
615	74.2
614.9	74.4
614.9	74.6
614.8	74.8
614.7	75
614.6	75.2
614.6	75.4
614.4	75.6
614.3	75.8
614.2	76
614.2	76.2
614.1	76.4
614	76.6
613.9	76.8
613.9	77
613.8	77.2
613.7	77.4
613.7	77.6
613.6	77.8
613.5	78
613.4	78.2
613.4	78.4
613.3	78.6
613.2	78.8
613.1	79
613.1	79.2
613	79.4
612.9	79.6
612.8	79.8
612.8	80
612.6	80.2
612.6	80.4
612.4	80.6
612.4	80.8
612.3	81
612.2	81.2
612.2	81.4
612.1	81.6
612	81.8
611.9	82
611.9	82.2
611.8	82.4
611.7	82.6
611.6	82.8
611.6	83
611.5	83.2
611.4	83.4
611.3	83.6
611.3	83.8
611.2	84
611.1	84.2
611	84.4
611	84.6
610.8	84.8
610.8	85
610.8	85.2
610.6	85.4
610.5	85.6
610.5	85.8
610.5	86
610.3	86.2
610.2	86.4
610.1	86.6
610.1	86.8
610	87
609.8	87.2
609.8	87.4
609.8	87.6
609.7	87.8
609.6	88
609.4	88.2
609.4	88.4
609.3	88.6
609.2	88.8
609.2	89
609.1	89.2
609	89.4
608.9	89.6
608.9	89.8
608.7	90
608.7	90.2
608.5	90.4
608.5	90.6
608.4	90.8
608.2	91
608.1	91.2
608.1	91.4
607.9	91.6
607.9	91.8
607.7	92
607.7	92.2
607.6	92.4
607.4	92.6
607.4	92.8
607.3	93
607.2	93.2
607	93.4
607	93.6
606.9	93.8
606.7	94
606.6	94.2
606.6	94.4
606.6	94.6
606.5	94.8
606.3	95
606.3	95.2
606.3	95.4
606	95.6
605.9	95.8
605.9	96
605.8	96.2
605.6	96.4
605.6	96.6
605.5	96.8
605.4	97
605.3	97.2
605.3	97.4
605.1	97.6
605.1	97.8
604.9	98
604.9	98.2
604.9	98.4
604.7	98.6
604.6	98.8
604.6	99
604.5	99.2
604.3	99.4
604.2	99.6
604.2	99.8
604.1	100
604	100.2
604	100.4
603.8	100.6
603.7	100.8
603.6	101
603.6	101.2
603.4	101.4
603.4	101.6
603.2	101.8
603.2	102
603.2	102.2
602.9	102.4
602.9	102.6
602.9	102.8
602.7	103
602.6	103.2
602.5	103.4
602.5	103.6
602.4	103.8
602.2	104
602.2	104.2
602.1	104.4
602	104.6
601.8	104.8
601.8	105
601.6	105.2
601.6	105.4
601.4	105.6
601.4	105.8
601.3	106
601.2	106.2
601	106.4
601	106.6
600.9	106.8
600.8	107
600.7	107.2
600.7	107.4
600.6	107.6
600.3	107.8
600.3	108
600.3	108.2
600.1	108.4
600	108.6
600	108.8
599.8	109
599.7	109.2
599.6	109.4
599.6	109.6
599.4	109.8
599.3	110
599.2	110.2
599.2	110.4
599	110.6
598.9	110.8
598.7	111
598.7	111.2
598.6	111.4
598.5	111.6
598.5	111.8
598.3	112
598.1	112.2
598	112.4
598	112.6
597.9	112.8
597.7	113
597.6	113.2
597.6	113.4
597.5	113.6
597.3	113.8
597.2	114
597.2	114.2
597	114.4
596.9	114.6
596.7	114.8
596.7	115
596.6	115.2
596.4	115.4
596.4	115.6
596.3	115.8
596.1	116
595.9	116.2
595.9	116.4
595.8	116.6
595.7	116.8
595.5	117
595.5	117.2
595.3	117.4
595.2	117.6
595	117.8
595	118
594.9	118.2
594.7	118.4
594.6	118.6
594.6	118.8
594.5	119
594.3	119.2
594.3	119.4
594.1	119.6
593.8	119.8
593.8	120
593.8	120.2
593.5	120.4
593.4	120.6
593.2	120.8
593.2	121
593.1	121.2
592.8	121.4
592.7	121.6
592.7	121.8
592.6	122
592.4	122.2
592.3	122.4
592.3	122.6
592.1	122.8
592	123
592	123.2
591.9	123.4
591.8	123.6
591.6	123.8
591.6	124
591.5	124.2
591.3	124.4
591.1	124.6
591.1	124.8
591	125
590.9	125.2
590.7	125.4
590.7	125.6
590.5	125.8
590.4	126
590.2	126.2
590.2	126.4
590.1	126.6
589.9	126.8
589.9	127
589.7	127.2
589.6	127.4
589.4	127.6
589.4	127.8
589.3	128
589.2	128.2
589.1	128.4
589.1	128.6
588.9	128.8
588.7	129
588.7	129.2
588.6	129.4
588.4	129.6
588.3	129.8
588.3	130
588.2	130.2
588	130.4
587.9	130.6
587.9	130.8
587.8	131
587.6	131.2
587.4	131.4
587.4	131.6
587.2	131.8
587.1	132
587.1	132.2
587	132.4
586.9	132.6
586.7	132.8
586.7	133
586.5	133.2
586.4	133.4
586.2	133.6
586.2	133.8
586.1	134
585.9	134.2
585.7	134.4
585.7	134.6
585.5	134.8
585.4	135
585.3	135.2
585.3	135.4
585.1	135.6
584.9	135.8
584.9	136
584.8	136.2
584.7	136.4
584.4	136.6
584.4	136.8
584.2	137
584.1	137.2
584	137.4
584	137.6
583.8	137.8
583.6	138
583.4	138.2
583.4	138.4
583.3	138.6
583.1	138.8
582.9	139
582.9	139.2
582.8	139.4
582.5	139.6
582.5	139.8
582.4	140
582.2	140.2
582.1	140.4
582.1	140.6
581.9	140.8
581.7	141
581.6	141.2
581.6	141.4
581.4	141.6
581.3	141.8
581.1	142
581.1	142.2
580.9	142.4
580.8	142.6
580.6	142.8
580.6	143
580.4	143.2
580.3	143.4
580.3	143.6
580.1	143.8
580	144
579.7	144.2
579.7	144.4
579.6	144.6
579.4	144.8
579.2	145
579.2	145.2
579.1	145.4
578.8	145.6
578.7	145.8
578.7	146
578.4	146.2
578.4	146.4
578	146.6
578	146.8
578	147
577.7	147.2
577.7	147.4
577.6	147.6
577.3	147.8
577.3	148
577.3	148.2
577	148.4
576.8	148.6
576.6	148.8
576.6	149
576.5	149.2
576.3	149.4
576.1	149.6
576.1	149.8
576	150
575.8	150.2
575.6	150.4
575.6	150.6
575.4	150.8
575.3	151
575.3	151.2
575.1	151.4
574.9	151.6
574.8	151.8
574.8	152
574.5	152.2
574.4	152.4
574.2	152.6
574.2	152.8
574.1	153
573.8	153.2
573.7	153.4
573.7	153.6
573.5	153.8
573.4	154
573.2	154.2
573.2	154.4
573.1	154.6
572.8	154.8
572.8	155
572.7	155.2
572.6	155.4
572.5	155.6
572.5	155.8
572.3	156
572.1	156.2
571.9	156.4
571.9	156.6
571.8	156.8
571.7	157
571.6	157.2
571.6	157.4
571.4	157.6
571.3	157.8
571.1	158
571.1	158.2
571	158.4
570.9	158.6
570.9	158.8
570.8	159
570.6	159.2
570.6	159.4
570.6	159.6
570.4	159.8
570.3	160
570.2	160.2
570.2	160.4
570.2	160.6
570	160.8
570	161
570	161.2
569.8	161.4
569.9	161.6
569.9	161.8
569.9	162
569.9	162.2
569.8	162.4
569.8	162.6
569.8	162.8
569.9	163
569.9	163.2
569.9	163.4
569.9	163.6
569.9	163.8
570	164
570	164.2
570.1	164.4
570.2	164.6
570.2	164.8
570.2	165
570.3	165.2
570.5	165.4
570.5	165.6
570.5	165.8
570.6	166
570.7	166.2
570.7	166.4
570.9	166.6
570.9	166.8
571.1	167
571.1	167.2
571.2	167.4
571.4	167.6
571.6	167.8
571.6	168
571.7	168.2
571.7	168.4
571.9	168.6
571.9	168.8
572.1	169
572.1	169.2
572.3	169.4
572.3	169.6
572.5	169.8
572.6	170
572.6	170.2
572.6	170.4
572.8	170.6
572.8	170.8
572.8	171
572.9	171.2
573.1	171.4
573.1	171.6
573.1	171.8
573.2	172
573.3	172.2
573.4	172.4
573.4	172.6
573.4	172.8
573.4	173
573.5	173.2
573.5	173.4
573.6	173.6
573.7	173.8
573.7	174
573.7	174.2
573.7	174.4
573.8	174.6
573.9	174.8
573.9	175
573.9	175.2
574	175.4
574	175.6
574	175.8
574.1	176
574	176.2
574	176.4
574.1	176.6
574.2	176.8
574.2	177
574.2	177.2
574.3	177.4
574.3	177.6
574.3	177.8
574.3	178
574.3	178.2
574.3	178.4
574.4	178.6
574.4	178.8
574.4	179
574.4	179.2
574.4	179.4
574.4	179.6
574.5	179.8
574.4	180
574.4	180.2
574.5	180.4
574.5	180.6
574.5	180.8
574.5	181
574.5	181.2
574.5	181.4
574.5	181.6
574.5	181.8
574.5	182
574.5	182.2
574.5	182.4
574.5	182.6
574.4	182.8
574.5	183
574.4	183.2
574.4	183.4
574.5	183.6
574.4	183.8
574.4	184
574.5	184.2
574.4	184.4
574.4	184.6
574.4	184.8
574.4	185
574.5	185.2
574.5	185.4
574.5	185.6
574.4	185.8
574.4	186
574.4	186.2
574.4	186.4
574.4	186.6
574.4	186.8
574.4	187
574.4	187.2
574.4	187.4
574.4	187.6
574.4	187.8
574.4	188
574.3	188.2
574.4	188.4
574.4	188.6
574.3	188.8
574.3	189
574.3	189.2
574.3	189.4
574.3	189.6
574.3	189.8
574.3	190
574.3	190.2
574.2	190.4
574.2	190.6
574.2	190.8
574.2	191
574.2	191.2
574.1	191.4
574.1	191.6
574.2	191.8
574.2	192
574.1	192.2
574.1	192.4
574.1	192.6
574.2	192.8
574.1	193
574.1	193.2
574.1	193.4
574.1	193.6
574.1	193.8
574.1	194
574	194.2
574	194.4
574	194.6
574	194.8
573.9	195
573.9	195.2
573.9	195.4
573.9	195.6
573.9	195.8
573.8	196
573.8	196.2
573.8	196.4
573.8	196.6
573.8	196.8
573.8	197
573.7	197.2
573.7	197.4
573.7	197.6
573.7	197.8
573.7	198
573.6	198.2
573.5	198.4
573.5	198.6
573.6	198.8
573.5	199
573.5	199.2
573.5	199.4
573.4	199.6
573.4	199.8
573.4	200
573.4	200.2
573.4	200.4
573.4	200.6
573.4	200.8
573.4	201
573.4	201.2
573.4	201.4
573.4	201.6
573.3	201.8
573.3	202
573.2	202.2
573.2	202.4
573.2	202.6
573.1	202.8
573.1	203
573.2	203.2
573.1	203.4
573.1	203.6
573.1	203.8
573.1	204
573.1	204.2
573	204.4
573	204.6
573	204.8
573	205
572.9	205.2
572.9	205.4
573	205.6
572.9	205.8
572.8	206
572.8	206.2
572.7	206.4
572.7	206.6
572.7	206.8
572.7	207
572.6	207.2
572.6	207.4
572.6	207.6
572.5	207.8
572.5	208
572.5	208.2
572.5	208.4
572.5	208.6
572.4	208.8
572.4	209
572.4	209.2
572.4	209.4
572.3	209.6
572.3	209.8
572.3	210
572.2	210.2
572.1	210.4
572.1	210.6
572.1	210.8
572.1	211
572	211.2
572	211.4
572	211.6
571.9	211.8
571.9	212
571.9	212.2
571.8	212.4
571.8	212.6
571.7	212.8
571.7	213
571.7	213.2
571.6	213.4
571.5	213.6
571.5	213.8
571.5	214
571.5	214.2
571.5	214.4
571.4	214.6
571.4	214.8
571.4	215
571.4	215.2
571.3	215.4
571.2	215.6
571.1	215.8
571.1	216
571.1	216.2
571.1	216.4
571	216.6
571	216.8
570.9	217
570.9	217.2
570.8	217.4
570.8	217.6
570.9	217.8
570.7	218
570.7	218.2
570.7	218.4
570.7	218.6
570.5	218.8
570.5	219
570.4	219.2
570.5	219.4
570.4	219.6
570.4	219.8
570.3	220
570.1	220.2
570.2	220.4
570.2	220.6
570.1	220.8
570	221
570	221.2
570	221.4
569.9	221.6
569.8	221.8
569.8	222
569.7	222.2
569.6	222.4
569.5	222.6
569.5	222.8
569.4	223
569.3	223.2
569.3	223.4
569.2	223.6
569.1	223.8
569.1	224
569.1	224.2
568.9	224.4
568.9	224.6
568.7	224.8
568.7	225
568.7	225.2
568.7	225.4
568.7	225.6
568.7	225.8
568.5	226
568.4	226.2
568.3	226.4
568.3	226.6
568.3	226.8
568.2	227
568.2	227.2
568.1	227.4
568.1	227.6
568	227.8
568	228
567.9	228.2
567.8	228.4
567.6	228.6
567.6	228.8
567.5	229
567.4	229.2
567.2	229.4
567.2	229.6
567.2	229.8
567.1	230
567	230.2
567	230.4
566.8	230.6
566.7	230.8
566.7	231
566.7	231.2
566.5	231.4
566.5	231.6
566.5	231.8
566.3	232
566.2	232.2
566	232.4
566	232.6
566	232.8
565.8	233
565.8	233.2
565.8	233.4
565.6	233.6
565.4	233.8
565.4	234
565.4	234.2
565.3	234.4
565.2	234.6
565.2	234.8
565.1	235
565	235.2
564.9	235.4
564.9	235.6
564.8	235.8
564.7	236
564.6	236.2
564.6	236.4
564.5	236.6
564.3	236.8
564.2	237
564.2	237.2
564.2	237.4
564.1	237.6
563.9	237.8
563.9	238
563.8	238.2
563.7	238.4
563.7	238.6
563.7	238.8
563.6	239
563.5	239.2
563.5	239.4
563.4	239.6
563.3	239.8
563.3	240
563.3	240.2
563.3	240.4
563.1	240.6
563.1	240.8
563.1	241
563	241.2
562.9	241.4
562.8	241.6
562.8	241.8
562.9	242
562.7	242.2
562.7	242.4
562.7	242.6
562.7	242.8
562.6	243
562.6	243.2
562.6	243.4
562.5	243.6
562.5	243.8
562.5	244
562.5	244.2
562.3	244.4
562.3	244.6
562.3	244.8
562.3	245
562.2	245.2
562.1	245.4
562.1	245.6
562	245.8
561.9	246
561.9	246.2
561.8	246.4
561.8	246.6
561.7	246.8
561.7	247
561.6	247.2
561.5	247.4
561.5	247.6
561.5	247.8
561.4	248
561.4	248.2
561.1	248.4
561.1	248.6
561.1	248.8
561	249
560.9	249.2
560.9	249.4
560.8	249.6
560.6	249.8
560.6	250
560.6	250.2
560.5	250.4
560.5	250.6
560.5	250.8
560.3	251
560.3	251.2
560.1	251.4
560.1	251.6
560.1	251.8
559.9	252
559.8	252.2
559.8	252.4
559.6	252.6
559.6	252.8
559.5	253
559.5	253.2
559.4	253.4
559.2	253.6
559.2	253.8
559.2	254
559.1	254.2
559	254.4
559	254.6
559	254.8
558.8	255
558.7	255.2
558.7	255.4
558.6	255.6
558.4	255.8
558.4	256
558.4	256.2
558.2	256.4
558.2	256.6
558	256.8
558	257
558	257.2
557.9	257.4
557.9	257.6
557.7	257.8
557.7	258
557.6	258.2
557.6	258.4
557.5	258.6
557.5	258.8
557.5	259
557.4	259.2
557.2	259.4
557.1	259.6
557.1	259.8
557	260
556.9	260.2
556.8	260.4
556.8	260.6
556.7	260.8
556.6	261
556.5	261.2
556.5	261.4
556.3	261.6
556.2	261.8
556.1	262
556.1	262.2
556	262.4
555.8	262.6
555.8	262.8
555.8	263
555.6	263.2
555.4	263.4
555.4	263.6
555.2	263.8
555.1	264
554.9	264.2
554.9	264.4
554.7	264.6
554.6	264.8
554.4	265
554.4	265.2
554.2	265.4
554	265.6
553.8	265.8
553.8	266
553.7	266.2
553.5	266.4
553.5	266.6
553.2	266.8
553	267
552.7	267.2
552.7	267.4
552.5	267.6
552.3	267.8
552	268
552	268.2
551.9	268.4
551.5	268.6
551.3	268.8
551.3	269
551	269.2
550.6	269.4
550.4	269.6
550.4	269.8
550.1	270
549.7	270.2
549.7	270.4
549.5	270.6
549.2	270.8
548.9	271
548.9	271.2
548.6	271.4
548.2	271.6
547.9	271.8
547.9	272
547.6	272.2
547.3	272.4
547	272.6
547	272.8
546.6	273
546.3	273.2
545.9	273.4
545.9	273.6
545.7	273.8
545.3	274
545.3	274.2
545	274.4
544.6	274.6
544.3	274.8
544.3	275
544	275.2
543.7	275.4
543.3	275.6
543.3	275.8
543	276
542.7	276.2
542.4	276.4
542.4	276.6
541.9	276.8
541.5	277
541.5	277.2
541.3	277.4
540.9	277.6
